DTUSAT                  
1 27842U 03031C   12336.05748057  .00000280  00000-0  14796-3 0  5515
2 27842  98.6945 342.3297 0010134  76.4694 283.7610 14.21370770488718
CUTE-1 (CO-55)          
1 27844U 03031E   12337.05880908  .00000291  00000-0  15407-3 0  5219
2 27844  98.7021 343.0039 0010433  96.0343 264.2003 14.21124799488739
QUAKESAT                
1 27845U 03031F   12337.08452656  .00000364  00000-0  18832-3 0  5685
2 27845  98.7139 342.9628 0009561 115.6741 244.5422 14.20878259488600
AAU CUBESAT             
1 27846U 03031G   12336.55100602  .00000281  00000-0  14858-3 0  4364
2 27846  98.6946 342.8045 0010234  75.5662 284.6637 14.21369617488789
CANX-1                  
1 27847U 03031H   12336.01803451  .00000259  00000-0  13855-3 0  4336
2 27847  98.6914 342.2466 0010176  77.5471 282.6826 14.21338095488651
CUBESAT XI-IV (CO-57)   
1 27848U 03031J   12336.52911813  .00000279  00000-0  14910-3 0  4699
2 27848  98.7103 341.8943 0010392 103.6026 256.6299 14.20863282488593
UWE-1                   
1 28892U 05043C   12337.17296515  .00000682  00000-0  14833-3 0  3872
2 28892  97.8893 194.5410 0017070 345.9508  14.1212 14.60852740378295
CUBESAT XI-V (CO-58)    
1 28895U 05043F   12336.08425275  .00000535  00000-0  11828-3 0  3408
2 28895  97.8894 194.8136 0017280 349.6525  10.4293 14.60874854378029
NCUBE-2                 
1 28897U 05043H   12337.06224374  .00001042  00000-0  22049-3 0  9177
2 28897  97.8897 195.6657 0017303 345.7397  14.3139 14.61132244370486
CSTB1                   
1 31122U 07012F   12336.01479096  .00000856  00000-0  19304-3 0  6794
2 31122  97.8655 343.6234 0082722 293.1045  66.1449 14.56701392298884
MAST                    
1 31126U 07012K   12336.55573492  .00000463  00000-0  11326-3 0  6208
2 31126  97.8738 337.8842 0093118 309.6629  49.6374 14.54367998298591
LIBERTAD-1              
1 31128U 07012M   12336.49301403 -.00000047  00000-0  00000+0 0  6903
2 31128  97.8849 334.0360 0100581 324.2456  35.2050 14.53130615298274
POLYSAT CP3             
1 31129U 07012N   12335.98548968  .00000641  00000-0  15481-3 0  3264
2 31129  97.8845 333.9926 0100046 324.8842  34.5816 14.53365862298207
CAPE1                   
1 31130U 07012P   12335.97130612  .00000416  00000-0  10457-3 0  6315
2 31130  97.8840 333.6555 0100575 325.6502  33.8238 14.53211901297997
POLYSAT CP4             
1 31132U 07012Q   12336.02756619  .00000546  00000-0  12803-3 0  6349
2 31132  97.8619 342.7584 0083307 293.8435  65.4048 14.56245032298738
NTS (CANX-6)            
1 32784U 08021B   12337.18817985  .00000617  00000-0  82756-4 0  4854
2 32784  97.7790  32.9585 0014507 229.4050 130.5944 14.82721333248583
CUTE-1.7+APD II (CO-65) 
1 32785U 08021C   12336.82435836  .00000808  00000-0  10470-3 0  4839
2 32785  97.7804  33.7518 0013565 230.8722 129.1254 14.83433133248611
COMPASS-1               
1 32787U 08021E   12336.65482959  .00001475  00000-0  18004-3 0  4786
2 32787  97.7809  34.1631 0014056 230.5932 129.4055 14.84735866248650
AAUSAT-II               
1 32788U 08021F   12336.85454146  .00001580  00000-0  19063-3 0  4699
2 32788  97.7802  34.8413 0013593 225.7039 134.3031 14.85123940248719
DELFI-C3 (DO-64)        
1 32789U 08021G   12336.23714700  .00002571  00000-0  29175-3 0  4895
2 32789  97.7938  36.9642 0013302 226.8235 133.1854 14.87137547248692
CANX-2                  
1 32790U 08021H   12337.07451950  .00001464  00000-0  18483-3 0  4794
2 32790  97.7769  33.5942 0014102 232.3059 127.6908 14.83333214248623
SEEDS II (CO-66)        
1 32791U 08021J   12337.12142722  .00001267  00000-0  15826-3 0  4671
2 32791  97.7795  34.2093 0014449 228.2107 131.7935 14.84020257248649
SWISSCUBE               
1 35932U 09051B   12336.66322265  .00005353  00000-0  12986-2 0  8784
2 35932  98.3474  78.8457 0006121 300.8499  59.2007 14.53312817169184
BEESAT                  
1 35933U 09051C   12336.24581326  .00007977  00000-0  19109-2 0   863
2 35933  98.3432  78.9259 0006322 324.6406  35.3261 14.53755118169187
UWE-2                   
1 35934U 09051D   12336.32113244  .00003367  00000-0  81574-3 0  5100
2 35934  98.3440  78.5277 0004879 332.9286  27.1537 14.53627135169199
ITUPSAT 1               
1 35935U 09051E   12336.77807072  .00001971  00000-0  48744-3 0   767
2 35935  98.3567  79.6336 0008148 318.3368  41.7080 14.53102828169181
TISAT 1                 
1 36799U 10035E   12337.16107015  .00001825  00000-0  23305-3 0  5820
2 36799  98.0506  54.6679 0014584 352.8353   7.2604 14.82622611129376
DICE-F                  
1 37851U 11061B   12336.35206592  .00004649  00000-0  36624-3 0  3575
2 37851 101.7127  92.8644 0244237 234.1200 123.7090 14.81166714 59120
DICE-Y                  
1 37852U 11061C   12337.23440589  .00005933  00000-0  46047-3 0  3555
2 37852 101.7121  94.3491 0242290 231.2317 126.6997 14.81726388 59268
RAX-2                   
1 37853U 11061D   12336.35854822  .00005835  00000-0  45493-3 0  3574
2 37853 101.7067  92.7777 0242165 233.6724 124.1886 14.81606249 59135
AUBIESAT-1              
1 37854U 11061E   12336.26337142  .00006099  00000-0  46555-3 0  3557
2 37854 101.7068  93.1264 0243396 232.9282 124.9443 14.82116452 59120
M-CUBED & EXP-1 PRIME   
1 37855U 11061F   12336.56735482  .00006103  00000-0  46855-3 0  3526
2 37855 101.7075  93.4607 0243513 232.2914 125.5929 14.81899028 59165
E-ST@R                  
1 38079U 12006C   12337.21643175  .00045916  00000-0  10676-2 0  6782
2 38079  69.4818 288.1878 0686207  33.6020 330.6455 14.28196341 41459
2012-006D               
1 38080U 12006D   12336.24915207  .00048939  00000-0  11537-2 0  6633
2 38080  69.4746 290.3116 0684493  35.1875 329.2430 14.28268053 41313
MASAT 1                 
1 38081U 12006E   12337.18389241  .00048293  00000-0  11351-2 0  6931
2 38081  69.4754 288.3209 0685060  33.9211 330.3779 14.28210285 41441
XATCOBEO                
1 38082U 12006F   12337.20646893  .00058825  00000-0  13482-2 0  7372
2 38082  69.4812 286.4089 0666445  32.5316 331.4864 14.32655902 41507
PW-SAT                  
1 38083U 12006G   12336.95277098  .00054771  00000-0  12719-2 0  8145
2 38083  69.4808 287.8286 0674974  33.4172 330.7703 14.30583610 41444
2012-006H               
1 38084U 12006H   12336.31299412  .00048677  00000-0  11285-2 0  7201
2 38084  69.4829 290.9943 0691150  35.2004 329.2768 14.27198606 41304
2012-006J               
1 38085U 12006J   12337.20072053  .00044494  00000-0  10364-2 0  6558
2 38085  69.4799 289.1750 0692475  34.1902 330.1545 14.26830556 41426
RAIKO                   
1 38852U 98067CN  12337.17414862  .00025480  00000-0  36817-3 0   634
2 38852  51.6682   6.0989 0017092 350.4017   9.6633 15.55612497  9031
FITSAT-1 (NIWAKA)       
1 38853U 98067CP  12336.51709434  .00034806  00000-0  48566-3 0   607
2 38853  51.6481   9.2055 0015951   1.0091 359.0925 15.56407064  8983
TECHEDSAT               
1 38854U 98067CQ  12337.19198677  .00047044  00000-0  61006-3 0   662
2 38854  51.6465   5.4597 0016567   6.5187 353.6016 15.58214962  9094
F-1                     
1 38855U 98067CR  12337.13189276  .00046029  00000-0  60112-3 0   683
2 38855  51.6491   5.8063 0017516   4.3450 355.7094 15.58017776  8979
WE-WISH                 
1 38856U 98067CS  12337.20215929  .00080405  00000-0  90457-3 0   767
2 38856  51.6446   4.7776 0019531   1.7752 358.3282 15.61640925  8996
