ORBVIEW 2 (SEASTAR)     
1 24883U 97037A   12342.44569715  .00000118  00000-0  59400-4 0  9031
2 24883  98.4355  96.1778 0002073 344.6539  15.4583 14.32556634815206
METEOSAT-7              
1 24932U 97049B   12342.82041891  .00000070  00000-0  10000-3 0  4024
2 24932   8.0524  54.3537 0002830 200.8403 174.6362  1.00276481 55927
NOAA 15                 
1 25338U 98030A   12343.03561127  .00000025  00000-0  29499-4 0  5180
2 25338  98.7070 328.4634 0010298 328.0349  32.0187 14.25154988757617
NOAA 16                 
1 26536U 00055A   12343.04593665  .00000270  00000-0  16973-3 0  9980
2 26536  99.0716  27.6578 0009931 317.3641  42.6751 14.12815668629585
GOES 12                 
1 26871U 01031A   12342.36125233 -.00000273  00000-0  10000-3 0  8408
2 26871   2.6390  71.1928 0002268 206.3679 229.4782  1.00275899 41735
FENGYUN 1D              
1 27431U 02024B   12343.04922558 -.00000139  00000-0 -54796-4 0  7575
2 27431  98.7901 305.3532 0016174  60.6009 299.6773 14.09378706543677
NOAA 17                 
1 27453U 02032A   12343.15047368  .00000145  00000-0  80142-4 0  9400
2 27453  98.3230   1.2824 0011851  11.3879 348.7576 14.24518261543523
METEOSAT-8 (MSG-1)      
1 27509U 02040B   12342.15539206  .00000074  00000-0  10000-3 0  1472
2 27509   1.7237  61.6654 0002093 169.2946 270.5564  1.00270178 37728
KALPANA-1 (METSAT 1)    
1 27525U 02043A   12341.64198138 -.00000067  00000-0  10000-3 0  5872
2 27525   3.2385  68.6507 0006763 195.9506 116.3405  1.00272582 37516
INSAT-3A                
1 27714U 03013A   12341.57483764 -.00000246  00000-0  10000-3 0  4311
2 27714   0.0979 260.2514 0006767   1.5272 114.4577  1.00270330 35420
FENGYUN 2C              
1 28451U 04042A   12342.57182015 -.00000347  00000-0  10000-3 0  5592
2 28451   4.3403  64.3271 0001617  74.5872 267.4127  1.00274427 29778
HIMAWARI-6 (MTSAT-1R)   
1 28622U 05006A   12342.17672880 -.00000268  00000-0  10000-3 0  7946
2 28622   0.0193 228.4883 0000553 120.0618 291.4698  1.00270634 28474
NOAA 18                 
1 28654U 05018A   12343.13669420 -.00000035  00000-0  58683-5 0  4239
2 28654  99.0723 302.8902 0014927  28.2528 331.9447 14.11741819389100
METEOSAT-9 (MSG-2)      
1 28912U 05049B   12343.15135627  .00000004  00000-0  10000-3 0  3221
2 28912   0.3744 346.4035 0002388 143.6551   1.2666  1.00274439 25584
MTSAT-2                 
1 28937U 06004A   12342.57241473 -.00000230  00000-0  10000-3 0  2908
2 28937   0.0603  72.2059 0002954 185.5410 170.1138  1.00271673 24968
FORMOSAT-3 FM6          
1 29047U 06011A   12342.31100816  .00000242  00000-0  11358-3 0  9722
2 29047  71.9803 317.4430 0050090 122.2960 238.3043 14.27572716348808
FORMOSAT-3 FM1          
1 29048U 06011B   12342.18341189  .00000393  00000-0  17471-3 0   515
2 29048  71.9680 231.6791 0043250  72.9304 287.6544 14.27574850351260
FORMOSAT-3 FM5          
1 29049U 06011C   12342.18995784  .00000365  00000-0  16364-3 0  9925
2 29049  72.0210  27.8215 0034046 126.8769 233.5471 14.27591326347042
FORMOSAT-3 FM3          
1 29050U 06011D   12342.99377598  .00001138  00000-0  26646-3 0  3188
2 29050  72.0176  87.0396 0054661 272.1572  87.3294 14.55593120355889
FORMOSAT-3 FM4          
1 29051U 06011E   12342.15380972  .00000376  00000-0  16522-3 0   460
2 29051  72.0080 294.7598 0068891 354.7039   5.3355 14.27595871349627
FORMOSAT-3 FM2          
1 29052U 06011F   12342.18023942  .00000364  00000-0  16273-3 0   667
2 29052  72.0362   0.7729 0038950  92.0350 268.5205 14.27646187347939
GOES 13                 
1 29155U 06018A   12343.06223309 -.00000239  00000-0  10000-3 0  3268
2 29155   0.2455  99.0233 0001144 354.5190 291.6171  1.00272774 23993
METOP-A                 
1 29499U 06044A   12343.19687611  .00000915  00000-0  43799-3 0  9124
2 29499  98.6796  39.7794 0000573 132.5296 227.6036 14.21494493318449
FENGYUN 2D              
1 29640U 06053A   12341.57467756 -.00000193  00000-0  10000-3 0  5672
2 29640   2.7401  72.9790 0000664 255.5784  41.2621  1.00276472 22013
FENGYUN 3A              
1 32958U 08026A   12343.14683825  .00000064  00000-0  50931-4 0  4877
2 32958  98.6322  47.4595 0010294  25.4245 334.7443 14.19315640234967
NOAA 19                 
1 33591U 09005A   12343.18367004  .00000310  00000-0  19547-3 0  6087
2 33591  98.8820 280.9580 0013314 249.5043 110.4709 14.11429768197551
GOES 14                 
1 35491U 09033A   12342.11573215 -.00000170  00000-0  10000-3 0  7399
2 35491   0.1947 261.9247 0005566 282.8881 203.7225  1.00267959 12659
METEOR-M 1              
1 35865U 09049A   12343.17357282 -.00000009  00000-0  15422-4 0   334
2 35865  98.6315  34.0241 0001672 279.8953  80.2035 14.21876400167324
GOES 15                 
1 36411U 10008A   12343.32281748  .00000102  00000-0  10000-3 0  3498
2 36411   0.2117 258.6974 0002757  12.2257 147.4356  1.00267053 10161
COMS 1                  
1 36744U 10032A   12342.57194212 -.00000332  00000-0  10000-3 0  4935
2 36744   0.0380  43.8315 0001142 221.3269 145.7258  1.00270102  9121
FENGYUN 3B              
1 37214U 10059A   12343.09921439  .00000043  00000-0  41602-4 0  3091
2 37214  98.7805 283.3231 0000105 265.7798  94.3370 14.19299648108455
ELEKTRO-L 1 (GOMS 2)    
1 37344U 11001A   12342.72377421 -.00000086  00000-0  10000-3 0  4904
2 37344   0.0382 240.3588 0002011 339.1194 194.0687  1.00272388  6956
SUOMI NPP               
1 37849U 11061A   12343.12488721 -.00000086  00000-0 -20073-4 0  3598
2 37849  98.7330 278.0454 0000367 123.1968 236.9245 14.19550519 57710
FENGYUN 2F              
1 38049U 12002A   12342.84264100 -.00000346  00000-0  10000-3 0  2458
2 38049   1.6877 277.6802 0007608 239.5066 336.0444  1.00273339  3363
METOP-B                 
1 38771U 12049A   12343.16340363 -.00000142  00000-0 -44755-4 0   822
2 38771  98.7303  39.9122 0002526  28.9340 331.1985 14.21480892 11578